3000
75001 56374 27390
33001 1925 26162
38241 76599 31237
-22010 -4958 36309
-15564 21324 6854
-84822 -6020 36592
-8884 -14851 36998
-42155 11084 38384
-60296 -3984 30902
97089 85400 4894
-47420 -68638 30378
59968 25899 38264
-89363 10286 34345
-74664 48893 23261
19594 92871 34003
72905 21530 37044
20246 46709 37142
50120 -59974 21538
99685 18089 43128
-93786 42572 22041
-35442 -65717 25192
42815 -54435 19281
-84979 -91215 33359
96824 -72822 43587
90225 29 36447
82019 29131 1592
18436 -41192 67
31986 55180 22049
87970 80790 13313
-84118 -56761 36572
45638 -86373 18192
-55284 -92579 22658
71236 -21606 12801
67963 98950 12497
70417 -32408 17646
-22651 55547 16870
-22671 -12906 18246
-20929 -44166 28330
26242 15796 43410
-99821 -94512 1399
-81746 -41549 28265
25591 20100 14857
-16328 15970 46150
-13493 -72154 30379
-33526 -30243 16357
-62561 32183 9240
90238 29829 15599
90192 -81621 28621
60703 951 28863
-1214 1932 27107
-26138 -30251 4778
99603 -65901 8938
-96645 97354 2932
-8279 59723 38033
32485 -13763 24595
-44839 32235 25051
80713 35578 24766
-79906 -11269 37639
65433 67626 8703
43963 -44077 40438
54356 -74398 49535
15294 8256 48567
63502 28192 39854
-10457 -67004 33005
62141 77057 8358
32439 64771 21392
22847 56811 44089
-30582 81735 14244
-51948 -80559 42214
-29626 -43656 39119
-2057 27828 8387
92163 52005 47655
-13181 -30139 10883
77908 93130 46937
76179 -73536 44679
68413 -7376 473
-44181 -64198 30477
25691 -27780 31482
80449 -68376 17502
33901 -18719 25522
-46475 -16384 38628
-21633 72903 36731
22040 10454 3303
22853 -11657 44974
70834 -50427 44856
37139 62235 25712
-47349 17781 15783
-79874 -38992 22453
90897 -7102 19056
-54790 -67874 27512
34407 -41454 6247
-45666 32072 771
17690 -59229 24600
-59149 -46059 5913
1133 55182 2864
29807 -51707 988
-78038 425 26500
-91165 2291 12862
-72504 -37724 27520
-41144 -27624 16517
48291 61658 49492
-66152 92751 17894
50286 -13847 45448
3295 45683 36145
-28190 88236 27471
-89312 -215 23690
74649 -81251 8101
-76534 95059 8285
71035 55353 39784
-53465 -84123 32646
-52519 -56217 27476
55503 -52026 46671
89550 -74211 9761
74102 94399 40575
10040 26747 28051
71705 53596 7252
-11100 52741 47789
-80427 40055 34718
-74156 61045 38270
-92416 8431 42842
-5630 79305 30207
-69623 53244 39843
-80606 14974 26858
73133 47921 4106
-17630 -9268 27909
-27098 -23765 23564
-71036 -76129 19775
88145 -50685 20369
25236 -98672 49856
-9666 1231 4805
63499 -54637 43341
-79523 60993 15073
5197 -5240 27278
46879 9556 27581
-50962 -79720 9400
-83906 24494 37966
82569 -88319 36392
-64186 -30334 19932
-97773 88172 47547
79531 -8655 12914
2409 49381 38765
-65805 -92776 4253
9003 28040 726
-79792 -80253 41867
-20552 -98818 8687
-84331 -43487 37158
-32158 98780 10388
-36046 52596 21404
-82928 -37757 48987
-81586 -56482 37900
77245 79880 4265
-44633 -69977 6750
84938 -66468 3369
-4739 96445 24427
84731 70921 36868
-82953 7085 4016
64539 -87267 13160
89938 -9832 47474
94551 49207 5137
86932 -53402 36255
17439 28259 28700
41645 40524 11039
-74464 -31157 38798
95813 2683 25056
-41231 -56500 9980
-15104 23594 6977
90556 19748 26121
54909 1717 11442
-15464 30829 11145
-49457 -89871 37958
-37431 87208 6329
51873 79214 43857
-13267 -9509 48622
-61554 30406 8868
16224 55316 37026
-7422 -84338 7266
28535 94477 40221
-76486 14390 4194
14204 1449 12182
-24609 78181 19257
-67761 79742 26082
43290 -34312 39593
-49543 -62265 39200
-15778 65313 7815
88967 -95440 36131
89836 84553 2186
46857 13681 43038
-10404 -28640 5321
50701 52615 11252
84353 12098 48307
70820 -30460 39449
14795 15232 26165
-86259 -83070 34641
29337 54850 37446
10852 45184 10981
95347 55780 21906
59396 -69336 41923
43854 -99079 14509
-23848 -1084 13427
-84037 85549 30514
-74274 -255 12545
-31176 -51002 29472
-21149 -17905 49841
-61778 -98203 43276
69377 31827 46405
3404 -49411 12441
-98944 10977 29746
-42221 36 26368
72523 47032 44584
-62571 -73518 26114
12814 32272 38711
-12614 -73710 2199
24250 73747 36950
28331 -19043 20212
-11186 41124 11864
-91492 76975 19186
78985 72197 33979
-93022 17376 23095
-78671 -65060 20809
-78276 -30106 48241
30055 -78102 36758
-97537 95170 5178
17423 -52438 32713
-9395 4898 37101
13614 -12957 22242
82873 51899 16076
12309 -9780 7653
-17960 43298 19474
38809 -31524 14423
-68759 87882 5833
-53577 83446 49770
53718 68570 15663
-94844 46857 16460
-65737 -55888 11121
91608 -8189 44626
-63113 -35374 24621
63685 -93968 49487
91766 -965 8293
52403 3004 49361
-23238 -73563 41458
23130 -22742 1206
-29005 -887 20472
15539 -76294 6612
26397 51011 29689
76196 62313 31002
-37349 -84746 5354
-95074 61341 25200
64538 83432 30105
80896 85096 42392
-91354 54338 10016
-30771 98664 29952
-96191 42226 47225
-92182 -86044 7055
-13358 21045 14575
55042 -92792 45217
72459 -50356 16134
29967 14239 41636
4817 -6979 17434
48890 21734 28801
-42084 -33191 46323
65082 -11507 6578
39558 -9744 24869
-4782 -4526 24216
92802 -52971 35786
20561 -58710 30636
68266 58202 47315
-55047 -7518 47474
45497 34925 28913
-77402 -14169 17849
-40247 -46840 27501
22878 -26266 21169
59162 -95337 36720
-57254 -88767 23349
41515 81062 41502
-5444 43835 1289
72288 -43232 36604
-49455 79213 18194
-80778 15438 26403
-44044 -90373 13081
-41801 39046 32693
89830 -78828 17780
-71093 -43248 37441
87420 -47190 42254
-93206 95241 1161
-68669 -14650 27087
27612 73958 385
51966 -54762 23519
-62621 83030 26081
-94252 71851 34835
-73231 -63901 9400
76908 39825 28910
4254 -46153 32497
76468 -86289 40037
-59117 54651 23456
-40294 38998 30106
-68279 -48954 48350
-23991 11853 44053
-82667 14437 21126
10795 -1697 10448
-71199 97236 32784
-67382 83759 2425
-81140 -88623 23099
-6602 -43961 36988
-16652 89277 43719
-38837 -88904 21754
83502 96072 32566
-59345 -54974 7580
-26829 -59113 38265
-41773 6348 35853
-89635 -20060 1436
-7484 76798 31865
42390 -76142 35838
27998 14862 27250
-57440 -59880 39908
-82177 93439 17459
11647 -28145 31233
50933 -81168 28312
57345 16389 8109
-85715 27393 25878
-95986 -23390 36460
-10833 33308 33749
82777 -8077 20137
-43728 73922 13336
80363 49524 44076
-21647 -78508 28890
-17406 -21509 7889
61348 -61471 26937
-32990 14950 36990
-19516 1567 15705
-34721 -73868 2692
-94426 13969 7130
-50269 72511 29594
-49441 16628 15716
-92112 42709 8660
49678 29185 21944
23345 1165 47903
-54243 -80543 233
-59529 -24103 40306
42525 94779 12891
-51062 -3443 1635
20545 48634 36359
7882 -93966 10346
-15939 -49216 45596
-52369 49808 1932
81564 -55074 8556
-99070 -35554 28189
24705 -50792 621
13316 18584 39730
88158 74921 36113
12267 -93146 13186
50924 97605 27102
-66397 -16223 21227
-52227 11883 49208
-58301 -16623 5484
48823 98229 22429
-34065 -7041 29601
-37270 7167 4923
16661 -87869 19870
64552 -78471 716
81261 -5412 44114
-98480 -83561 48686
-71690 56739 42698
2049 -39874 1156
-12006 -68778 1857
42527 -72628 29748
25569 -34792 10155
27642 -66011 29374
-25600 5233 23822
-16856 -66537 42198
61239 -72211 38520
-61388 20048 4243
-92182 -34015 49938
12904 57846 16866
-73040 -40659 34679
-97262 -50794 6470
18497 1014 3448
77131 -83612 25943
-31232 -6239 27055
45570 48541 19306
-46790 -64492 35207
58534 1028 43067
-59043 29548 5857
91121 66274 20862
-43914 -15416 38459
-17807 67480 32100
-58207 1726 45899
93362 24223 46877
55632 17367 2290
-9082 15152 28266
-32662 -40797 43032
26316 -75884 23315
25271 -88432 27307
-69536 -87228 15309
47148 26918 42822
-66901 66932 7922
83324 -1455 30655
5773 49058 48555
55673 69913 14380
-70812 -34016 26254
63126 28641 44012
-72315 67083 48221
75605 -53383 5812
28611 -4286 2441
-22944 91518 20688
-5683 -49258 28157
-90213 -38779 39990
-74090 8312 22673
25507 99287 25860
3478 57730 21630
-59701 24247 30948
-94696 -37369 34821
36886 -41216 29353
23208 14075 25573
37634 44826 31632
48962 -66789 2231
-21212 42238 40247
-52363 57334 29649
-15970 63276 4360
4324 38390 1915
81898 47504 712
8239 -89161 14990
59347 20780 47560
-62890 -73550 33419
-70666 -57898 2662
74018 81925 4255
36947 99581 45219
-74579 -21185 18619
-19739 -42252 49678
-47830 -71 3970
-45313 78488 20619
-25711 -60298 10970
35998 -72633 44903
-78989 24657 26521
25746 -33951 47143
-1593 -34885 35251
98148 88630 23740
44125 -58008 39315
14954 48716 12759
-53934 91372 48882
64541 -84727 39560
90427 40155 6018
35965 72865 26799
-3466 5265 6514
-1592 40272 36441
-97249 83111 19173
-69939 -45155 8412
25423 -93561 28660
-14528 -64587 47426
-84048 -54753 48080
78882 -96051 48179
62094 -12572 9435
-90913 49962 48771
51489 41509 39186
-47744 78029 44668
-26305 -68775 40452
3402 14987 31615
-81247 11481 30000
49857 -88149 23926
-50872 42256 12690
91520 36544 10885
31691 -69242 43599
39081 93320 31992
99065 -63943 12405
1786 45947 10121
59108 36000 40143
-46711 33964 24689
-26295 9161 5738
-28281 1046 25689
97469 18684 33392
-5299 -40691 13231
10381 -26820 25554
-5528 -94231 28509
88553 33521 47005
54839 -7103 48811
-81329 2143 46575
10161 -46192 40225
33365 -51684 29997
-29920 -56701 32555
86922 -46300 33480
-51212 52667 40025
12457 -56465 40067
-51218 -76034 10144
-57654 -83251 11107
-80914 98619 10491
74120 -2069 2657
84543 43723 3941
-57460 -2875 41379
-75995 90843 27544
10420 -81763 18003
49530 -29438 40396
-43868 -66980 41130
-2807 -54001 11288
38073 85628 3918
-96891 -92110 45128
30675 62387 48030
2817 -22480 26008
29524 57563 34314
-73736 -24798 42996
96018 68503 4303
-34206 70132 10669
-67268 -39104 34029
62634 41169 30814
-44251 48459 26926
-4429 -92772 16789
4151 67467 31058
-70912 -71534 31060
12642 -61433 30663
-6545 -67497 37585
-27798 9856 8177
-47160 7360 39616
-1466 -3090 43505
21320 77111 34113
-16828 53675 37867
29258 40012 47014
-47045 8220 20616
63307 -11557 34374
65091 33031 20385
-46547 -17156 25451
-16895 51216 7626
-88821 -74279 41806
32114 -32561 38873
-1235 -58123 42064
35157 -55920 42537
-87485 -71218 25203
59009 -84075 39493
-47073 -51713 46164
-68554 98575 13738
24388 -70695 7735
-16378 -47063 28514
-10124 -20966 24074
76560 70463 43505
-38406 -35553 29751
99515 83993 19960
95010 -8915 11350
-6539 45394 33143
76260 -68654 24102
51377 29919 5756
80767 35764 37648
2974 13150 22974
-99157 91682 24878
-62778 -85542 22472
95267 -54928 27733
36964 94865 35642
-26188 -4175 18352
21888 32045 14171
-28130 21122 48491
14901 -3690 28338
-42068 -51698 5563
-60471 -4469 8220
94296 -49278 41663
-9143 -19203 26453
2615 -65760 13910
-46574 75370 13931
30692 78972 44937
68256 82400 14692
-69884 -13629 39802
78946 42041 22907
-18998 201 1885
99956 48465 8862
-18327 427 47247
10798 18497 24136
15371 -7513 48466
34205 -83068 38788
-80384 -77665 23598
-16297 79637 36499
69497 63074 36314
-77082 -4576 23008
59362 -37127 35900
16300 31420 39563
62362 85803 24344
20198 76327 20103
-96641 -1661 16482
-72923 66047 45646
78202 -29474 26000
-43454 -30636 49800
-21958 -54408 23956
-30653 94605 13144
32084 74908 14087
91700 55120 5834
51086 17610 45299
-34844 40316 20944
79013 18852 18202
-74426 13707 35231
-87179 -89303 6050
-68190 -45326 961
-83694 39084 34244
58795 46576 24933
-72677 69965 42987
65922 18508 33596
33798 -77979 236
4771 -43287 30358
7347 26904 39260
-46047 54875 19716
26308 -76886 35862
24493 -7187 25073
-20417 -99867 40028
58410 41262 24930
87195 -33458 40986
-18310 -1253 37126
-13632 -94889 24219
-84064 -50040 2567
-43167 79164 43604
4746 30930 42164
33669 -10039 31216
29033 60604 43999
-3916 -6591 37339
-63133 320 30974
21161 -6692 3022
1443 -80526 31849
62240 -53495 8575
11467 13556 9374
-87643 -22400 19318
2317 -967 40670
93339 49141 33078
12600 -42128 21439
-91811 -27253 7137
93254 -8574 13695
47152 40340 19502
28975 77395 984
48294 62000 31835
-73015 6626 5614
60652 -14780 31387
9811 85534 18298
-11872 -54362 38894
99691 81241 19594
7158 59408 18006
-36001 7050 20668
85104 27926 12769
-75542 -99265 26662
54682 45244 39116
-42117 48584 6150
8731 -46411 18064
-71686 81261 13021
-41176 -99210 9386
55055 90324 5869
38742 22163 2795
77580 24239 4729
-59904 8244 39097
-67944 7463 45094
87110 -1872 38630
43359 -72775 38290
63063 24241 10831
32511 -37356 35113
17278 3955 4296
60379 -94611 27709
96985 -85658 6014
82222 12307 35116
-79925 -66800 6625
13767 -58476 7105
41831 -9866 39192
27429 -94019 47912
-92448 78837 21440
94603 37826 38795
-21795 48000 16145
-93831 6869 6348
-97875 90739 2953
-32115 -24938 7479
42899 -49378 46455
-68142 39769 46973
96284 -35457 12761
56173 -41432 3556
79534 46236 23807
-2162 46517 2602
37368 25423 12222
-69411 -76932 2303
-51351 -76973 32322
-33385 85201 44142
76935 -62230 39654
61373 -39037 39829
66452 -72630 33111
-48375 22199 31403
41527 -919 49086
-54595 68710 48978
12106 73814 33882
-70386 11597 3488
-35309 -44550 5903
52118 58945 39736
-34991 -52329 45085
14269 -56804 19405
77491 682 28632
76245 94978 40531
70000 -35174 17189
-14147 -43590 3930
-17578 94005 43458
39610 -60139 32427
29178 -8778 16390
-35098 51070 20953
47443 83657 27432
97696 11959 36660
81516 -22483 39896
-38171 -16827 47991
-8623 -15799 27144
21379 -95491 28114
-68155 -91693 8228
36164 18818 17896
-93479 -91832 38467
53939 -66264 42575
-64253 -41383 6374
28052 12047 20569
-79631 -34570 7501
55898 52907 30319
41021 23879 32666
3494 44666 16099
9745 29395 35143
33916 -33795 22155
25094 9956 45691
-42148 -2982 23410
45879 -79054 22507
93466 87655 35084
-35665 -88428 19316
-63901 -24623 32500
-62941 34598 9607
-87828 97702 28174
29141 -46466 40995
55819 45421 1493
-57388 -49753 13741
45316 -41876 23056
-39897 -42690 2004
-84991 -12910 16283
-89455 66580 8409
-16288 -5380 37562
85425 68114 22516
-16640 -2719 15215
47987 -25569 13323
72039 90830 13390
-68246 -65949 40919
49121 -71641 24215
-13963 -94387 46995
52250 -28864 19191
-63742 -2735 14663
42833 -83582 33568
-85626 -59677 16767
10102 90193 48289
78444 -49364 49668
12963 -83465 48927
90464 -38564 15371
16754 -89450 40154
34360 -36345 34533
-82801 -57545 9415
3669 -3578 29816
3526 52699 15199
58943 -2921 10866
-27052 -82442 39295
-24413 52883 12431
86117 28059 20926
75906 56742 1953
8518 -17460 12874
-89546 -60145 32287
38266 55893 45889
44952 -66406 10457
75666 68450 46527
-40391 -94977 29666
-9479 93999 11858
32603 -3168 30688
-74491 -73843 43200
63011 -68592 12220
96502 67681 35120
-18742 -86469 3265
-7821 55447 30788
76312 19528 16840
-43429 73240 42236
54010 -61240 6519
-59264 -93417 40625
55913 -65515 4257
-42409 93985 25599
5284 -67902 2260
-10547 -80533 77
22250 60351 26172
-36809 -94705 41192
-12937 36287 18519
71333 -60043 19676
19519 14219 29191
-6349 56629 29281
-89063 -80233 12190
25376 -14767 43926
17682 87888 36596
-95534 -89746 44151
72480 -84148 15745
19205 95969 29711
-15738 -7184 21287
-43010 -97350 39134
-127 -82985 7920
98165 53966 25079
70668 36834 37040
31945 -49618 19937
6647 96004 36238
-63006 11664 13093
82528 88316 7688
7903 -1173 37319
8230 -9667 13479
-45140 76264 47339
-93490 71457 21669
-64744 -24112 111
-33557 -23321 4235
-89096 47099 16749
-3533 17718 27463
23780 -55242 19245
-98540 51891 11161
-18704 82286 17619
85895 -31264 42392
40927 -15570 41547
66006 -65582 26535
94103 -18528 16998
-31576 69369 48981
20081 -74171 10955
5758 39855 31119
5931 -24491 2528
-94265 -72367 48677
91872 -89469 30948
42274 -48680 34983
-29082 75280 12332
-77026 -91552 44530
21493 -56943 30379
-49650 -7100 4637
-28362 -16758 31796
27986 58669 33885
-63735 90636 34233
-68994 -70423 34912
-12892 -18677 9171
-56329 -84859 21161
-43570 -24446 47642
-27383 -49419 19955
-58103 -84898 9208
-22618 -56474 31564
23644 -75461 14744
-33959 93003 8762
-23228 -34922 3836
-80846 -67767 10020
-56225 -41082 32654
-75629 22859 4968
-6263 40976 6866
54133 -15458 3897
36251 -14585 9763
-52613 75824 11352
22923 50132 28432
46931 24076 49983
31589 -10687 44664
-45187 11263 6738
84456 -75585 49197
-86989 904 33427
-9207 -80638 26969
-11620 26539 25545
-8715 59658 44877
-92554 -38510 6461
-68285 66932 10052
50037 19820 28294
-38877 80909 27931
38219 97476 12638
-85700 -63263 18889
-37399 -82974 10406
4879 74250 30934
65358 -84074 42953
-87856 -22282 39627
1072 24236 22402
84579 43813 27650
-35417 28378 47707
33702 8309 33418
-6884 -72214 2234
-18255 17982 15111
-31696 -83556 22530
-8988 -28933 32174
-98363 -76723 14956
26595 -23046 37596
-70389 -50585 44443
5777 -31317 15794
-58354 44806 30594
35535 11589 19159
56952 -67260 14790
-88076 -22818 4482
-91872 -1930 45286
-80736 -63558 40111
-73179 -61398 14342
9782 55748 28
75422 73124 49479
42264 -69237 25798
46435 -34703 13203
62141 -64404 5636
66660 43143 21928
40645 -85442 14755
14534 -97244 40565
-66813 82198 26995
59872 71195 18410
13028 -11212 13325
-41057 -69298 20293
-19017 66452 4633
-19761 -14667 26498
-90530 -86260 16455
32338 -37653 7828
7484 -86591 25433
22736 -32857 39578
62719 54685 43649
-85442 -23228 38154
-6436 -79080 19810
63686 -32938 13124
-74019 19179 243
-7655 -56371 21677
-12966 -56593 42682
-43034 33764 28331
-61367 77670 46495
20140 99349 42540
81550 66214 8830
-16093 70751 45748
-83053 93408 11581
60128 31400 1719
-98618 -23324 28924
67021 -17731 5500
41712 11059 9500
7034 -30731 23047
15796 -85473 35714
32863 50565 23616
-84715 70338 41626
-82764 -29389 49366
46280 -43133 28426
72016 -23670 49841
-85705 1017 6910
-65941 -3304 583
-33350 13277 32392
-12061 24483 10688
2476 67496 3835
11625 -80649 14238
-38769 -88830 48409
-53051 91994 42272
-78416 8048 10128
-23214 -88586 44740
86832 76112 17559
6349 3099 28838
-16320 -69624 32420
-68327 -77632 41326
63663 -93291 36029
2613 -77901 27121
-26206 -36599 12883
94776 -4313 42343
6962 -53332 40356
-98468 -39157 43412
71730 -70667 4570
50118 -896 39756
46161 -34274 10818
74319 85871 31385
-20862 40403 9705
-7704 -5220 16894
-69674 16014 10873
13834 38669 19165
-24993 -76341 18491
80143 75487 30880
34043 854 27796
75669 31891 40792
23754 -63281 17913
-92739 -28955 23398
30158 -15965 17181
54773 59217 40286
66685 -15118 12218
68051 -26825 47547
-73885 107 31362
63877 98172 16078
-89163 -6598 10170
-80745 3340 33884
96502 65603 23387
6277 18971 11467
73353 -58277 25779
-44013 78069 27034
-95378 29260 45583
-55627 -60785 5835
96052 63894 49132
88453 -49601 37441
58689 -64356 8188
89692 -19686 45547
-34894 -40118 8281
81391 -34784 25144
14279 -62211 11942
28057 -74735 19658
-29855 42530 11466
-82431 67050 13652
64897 -18899 5076
-38218 -38526 39091
1679 -77288 5920
-13428 73455 14402
-5900 39894 6886
-56750 -82257 35337
28674 -73392 35999
-42460 -83470 25064
56005 -52058 1644
-74604 -46969 33354
-66611 -97472 11537
71255 76588 5202
-34833 -82544 13604
-14729 -78355 6038
-3036 -34041 3672
-41196 -18228 41778
-79181 90033 34293
20840 -44548 32257
82457 -75602 20594
36704 70529 7768
52526 -74331 38038
57440 81833 351
88103 97739 28994
-80938 -78667 3942
-32804 -75564 38007
89319 -80201 30066
-99175 -54587 31694
997 4517 40727
2852 87121 12627
78248 53975 42172
-40062 -52581 33940
-10639 -63723 9823
40684 -9062 32869
24784 -61834 35681
-5861 -47209 30146
-72916 -92319 35452
23331 95654 48576
53805 -34408 24061
44245 -33623 7128
-33082 66327 20574
-59574 -59619 34678
-87579 -58514 46117
83725 -94347 33698
89039 -18286 2400
2756 95499 32015
-18866 69904 31341
-97883 86225 45526
45047 59106 36976
-93946 -7927 19265
34706 6704 15149
-95950 -72009 18251
-10122 -49436 40385
-57773 -45855 42199
59226 90435 39384
-30471 25393 30547
26672 98067 35986
12952 -74022 43166
3570 25155 29415
78500 63488 39443
28734 -95523 21116
-54776 -67211 37438
6671 -53921 11629
65660 21038 43462
-3414 -92143 38937
38784 -77756 13269
49586 -97972 41923
35991 85727 35514
65118 -4922 14837
76650 -71582 49787
75493 80503 3652
-9618 -72196 10613
98500 70558 33235
58710 -92183 3837
-35451 -90733 4513
-76091 -98791 33968
-24287 -44773 24146
-28065 -86096 27862
-56359 -30555 41755
16380 37797 33085
34520 10446 29323
-42350 67261 29398
84078 4309 12595
80963 -67486 10628
-36741 67529 19232
26170 23944 8017
-30366 -26779 5280
-62759 -73094 21270
-51680 15812 23016
69959 -72638 29608
-24696 96499 18211
60577 -24905 5703
48587 -76227 26219
-21945 22714 12845
-1356 -80609 38829
-48252 -79452 21547
3231 10558 410
-77934 16779 17976
94310 -96536 41838
85567 50962 45998
-50261 -40011 25712
-35798 -5312 12398
-22948 -79106 37176
39490 -24950 21602
35262 -4797 6873
-72856 5909 1390
31717 61281 35355
85235 85251 33895
-39013 -30936 18535
-71392 -78691 15683
45844 -7202 36223
-32732 -79762 49134
36858 20379 8684
-81181 -85962 11496
-41523 -44058 15331
-56153 61938 40845
52884 56083 36749
-33634 -66921 46385
82923 23676 42622
42025 -16615 48593
-68797 86312 12570
20986 53148 28224
92543 12571 10260
-30113 -8161 8190
-83151 46046 29784
38240 -18009 46131
48888 -3201 28743
79880 6234 14788
-28897 19446 31095
6209 -27541 44153
-32473 -10370 16538
-65970 -27339 8660
3625 -44074 20944
52581 66041 39902
-38249 -44946 36641
-53813 26632 19333
23899 42792 15898
-69602 -48749 45426
-4258 84812 10100
25778 -60146 3586
-25802 -64332 21692
97514 -18769 27883
98314 -51293 34779
51749 32715 48354
15591 -79129 4120
-27582 -6338 36997
-27193 18382 8414
-80158 47776 35734
64061 70192 1914
-24337 47210 20820
60309 -84082 41378
58872 83993 42721
-57879 71695 10179
57823 6611 10791
51229 -520 15324
-13984 79895 8570
-23707 10841 4320
-8287 73268 31493
69447 -39422 12792
9057 -91052 137
-25759 49450 5810
-61383 92124 1356
90228 5427 17738
-46319 10715 12957
74708 52421 30619
83904 -19556 36800
16695 77772 40086
-1345 -10400 28017
-74701 -2441 40142
-12508 -96960 39298
15612 10372 33957
-49902 -89040 7832
-19513 4855 49992
89178 -13879 33324
21693 -77796 1819
77231 24430 27402
-49850 89088 7369
1205 -33804 18256
-9243 -17574 40234
17273 -7368 47813
72723 68780 15226
94334 17358 5587
55167 62081 8730
-25972 -5458 48944
39499 -5196 3851
-57041 49274 29162
33711 -13262 15919
88272 -63848 48528
-96689 46028 25049
-53664 -51237 43574
50348 -57986 14231
30094 69880 6845
-27812 -21120 6365
96594 76932 36798
281 54578 26812
80067 75901 12588
-77235 -17299 2707
-38723 -68400 34827
-88024 45712 26509
42648 93770 14758
-91496 70138 45281
-63152 14479 26028
-51630 -76442 3535
36380 79340 34134
-24871 76533 45139
-23897 -98336 10542
-28025 -62575 36662
-79068 73343 6615
39966 -41479 11171
-78574 -87942 42019
-27652 -85921 30517
-66501 -23971 42118
85061 -26360 9829
29980 -69651 22497
3570 -81902 16969
-3651 -34541 48632
74358 -6278 4467
36156 -26017 3876
12367 98708 44390
-6316 92821 22785
8992 -18535 25794
17216 9815 49889
69753 -36810 6639
15282 -59731 22375
-15864 -81586 20889
-80574 70060 22798
61396 75015 21227
-92533 -65933 24214
-35937 -78073 6621
-82264 72164 3633
-75017 12393 8180
55603 93803 10050
-83178 -11566 42649
14045 97964 29405
18504 37099 2255
60204 -16895 11830
76534 -61753 40045
-69259 66371 4334
26914 23452 45688
98063 79497 13355
68362 95838 19212
54547 -83061 4997
-16720 -59057 12472
7147 -56094 48015
51296 -88172 28097
-22018 63090 10141
-13270 -5868 7976
-70983 52240 9601
-7960 17164 32905
28671 5583 32911
-53316 -56045 7218
-85937 -6745 34617
-2299 -73073 499
327 21622 17950
16581 -30876 23479
-38255 79276 29869
77833 -25956 31093
85247 30930 40080
-76050 -29858 18123
-30296 63607 24008
-41224 44527 33939
80449 67567 40856
-18222 -91994 37692
-95596 56081 46688
70997 -96195 3920
94533 70788 35634
-3149 12280 47042
21348 75573 18912
-31814 87789 38381
12957 36286 44550
32305 -41865 32197
95434 77272 33543
17521 66028 36364
63917 56347 5999
36450 44850 35941
-10144 -55602 37099
13425 30819 42779
-74526 31473 33301
-67719 -50829 2333
-51572 35244 34365
72536 -34248 2503
3204 58733 16535
67714 -31576 11507
67637 40570 28018
36760 -61078 43062
17573 -13357 33953
-56004 -20861 19908
5581 -85931 20880
-50199 22239 28014
-54380 -16856 40169
-3372 36893 15548
-92599 -62028 25787
-28759 13109 21718
25483 33843 46551
64468 49057 30146
-52256 93221 44737
-97479 46388 26449
54487 -34774 40942
53366 24106 19020
45356 -2227 31169
31959 -66312 46024
77874 61093 37740
30018 12889 46197
61079 -30343 37806
37103 -15454 44607
33450 -85119 41602
72837 -2808 34102
-13504 16364 48272
-77552 96840 15096
-90144 82850 22823
22901 -68144 3028
-60480 -17039 3467
-75386 38310 3675
-4087 -39187 36234
-10578 774 17697
-12216 65638 45986
4294 18601 13692
7469 -95624 31926
-66317 66282 20416
-57756 76719 30058
72460 -21646 22101
-65549 -70078 30388
30835 -95730 15252
48938 88893 46681
-83247 -53149 3155
-20205 96964 10152
83359 -63527 41724
97098 -54559 23091
16620 16724 11113
77457 -42113 19866
75535 20706 10920
-91641 13315 34275
56814 -7947 36108
-21889 50139 6036
-22191 26129 40418
-11939 84968 31701
-9293 -94438 33796
-54273 746 16005
32373 -71192 18909
14613 -17934 41543
-65329 39563 10840
-89317 76107 8244
31928 56858 9888
25034 73620 33120
-41089 -65889 2818
76229 -79706 17224
-47554 -59140 13059
-16299 92232 3955
-55263 85127 12278
-97096 36960 17243
90786 -67366 45174
-38978 54465 4852
-57761 96828 45350
11856 -62024 19446
79345 97925 21766
27680 -55249 41912
-81508 -20494 38850
73785 14690 34397
30769 81123 20940
31358 -65483 21552
-55857 -92718 1117
-18767 -56753 8048
-57472 -66417 20063
-70714 -36875 49950
87919 -57528 47706
-9193 -58922 39241
79141 84063 3183
-30921 76249 36275
-63901 8833 23307
91573 52300 15362
-35377 -16443 21251
62413 -98688 16593
-47089 -9361 46081
-37414 -87420 27135
-93247 91558 1797
-23858 75557 46579
-7688 -17025 49280
-26492 -32728 3595
-68345 60852 22192
53045 -92198 49780
82232 -69980 26898
-68502 28227 5418
-98951 60735 45814
-62729 -11762 39746
46595 25525 10749
93549 94948 42476
-13353 -38649 36318
58418 -15865 16784
61112 -93424 7658
49920 90139 40157
14457 23085 20984
-28054 -28525 22774
-64267 -77563 38618
57995 48736 4578
65613 -74078 20823
-34039 11308 39382
66660 99079 4472
-97443 -56596 23802
-3699 -77016 13036
-38087 -34116 40290
70631 -5895 9178
96796 38804 5045
92449 40641 3889
-11156 34464 27769
-88046 -71400 10577
-10955 18765 33386
48708 -10095 173
-84345 45994 3779
-3286 23595 34001
8253 25315 36526
2327 -43815 16350
11007 24992 701
62768 20905 21861
53284 -53112 563
-96819 15463 11282
-79573 -30052 38579
3553 94683 36975
-68627 -9790 31655
52368 -6249 34914
-27247 63395 46254
-71186 2754 22568
47347 -92145 29347
-87142 -99147 46347
92327 55857 9654
-17313 -18558 2615
-23145 25914 601
70593 84615 21792
-31504 -60000 39626
-29325 -19607 27086
-18175 -94588 25801
-50494 72694 7203
-62672 94470 27023
-57804 20327 47266
23432 -25604 44815
37967 -60684 15560
95249 -80856 1374
96068 20569 26400
-22911 -12983 23613
-61759 78594 48448
-73068 98439 6840
1822 -9200 35640
-83223 -5072 18990
-88127 -28022 47169
-46050 -64467 46978
-62552 46404 35874
-49760 28112 48319
-78981 94544 3189
-33540 64557 43273
47691 2456 21801
-46374 3642 15049
-82462 -12355 18115
-35360 54988 42984
-48099 42430 35766
-16529 64039 41674
3804 19074 359
9720 77447 28720
48810 87225 21848
-25863 23640 39024
-47072 -13514 22482
-2645 33569 43224
-25287 -33768 13450
-81068 -4945 16175
92477 60572 20828
-80183 -66906 5275
-92426 -98417 47533
-4033 -80548 44954
49594 -90516 26651
69799 91663 27880
37185 -25191 38026
-7887 -48824 40901
-24467 63436 41375
-15274 -38809 13197
-14860 -6719 2681
15904 -20540 10031
-98676 14564 32667
-7492 49212 36040
92351 -43895 5287
-78039 -26270 12069
35864 90048 23188
-87972 20769 30224
6949 -27502 30799
85848 44630 42967
-16522 89052 37082
-31149 61281 14308
54145 74642 38387
31704 -43862 12311
-5984 77864 38639
47395 38978 17130
40684 -84733 17372
91703 2402 25168
59118 -30292 47433
88266 -14331 31318
97190 78929 46672
-33266 -76155 41533
2003 -11511 12143
51636 18495 10448
-69921 -84273 19296
-8040 91143 39628
-50883 -18006 8044
42218 -60800 4677
38136 -26747 24745
63550 -23726 17532
-6023 47930 40513
-43909 11246 10286
-26016 7753 7372
17792 76353 46019
56178 -41417 1844
-55365 75966 48317
32186 -26367 1192
-71925 90532 11191
-11348 -86200 42727
83435 -40482 49432
90051 91491 41729
-79766 91924 34009
-26826 -30115 30727
-32606 60729 21911
62662 -42948 35725
57387 -97389 42261
20334 -19566 22517
-30029 -23123 16656
41543 53011 24015
-53314 -51772 32948
-63673 -54226 38075
88248 -55893 41430
26218 17459 29228
-25540 67513 33143
-17926 23517 31884
-35420 -12746 37608
-70671 -86806 20476
13788 50421 12809
-62902 -47471 38095
-43396 -13867 19948
-71653 -92572 23368
-77933 77765 27919
87647 -72922 43705
79617 80712 31924
25450 -90983 11840
-75500 93704 17582
-32909 -90379 43139
90049 15868 47990
58638 -69778 21464
-19556 -73824 5383
81697 -18772 39841
91904 96932 25035
14282 -71184 14681
-20639 -21272 35160
-26624 88229 12884
-42661 -15036 11758
56916 -60324 29487
99037 -20588 35987
15880 29240 23442
-58304 15592 37895
-73005 -96624 32499
-55422 93605 28935
17126 -23171 27
-46365 -18803 38956
-68163 54375 43641
12498 62716 35803
2304 20238 9584
-33459 -76550 5089
25549 50549 46589
66195 -82160 7964
-96222 40358 43123
-62354 -12847 15529
-28647 -32819 38799
-77564 -99652 47439
40490 77874 6923
-84628 28968 45786
-22263 85183 36527
32552 -77847 49214
96854 68130 27112
32842 49670 43280
-58142 13029 46991
91490 35841 5863
-16763 33725 22506
-55134 -62042 13595
-47436 -42385 15815
12662 -19697 32354
38473 -26993 40924
-16412 -6425 46722
-20185 -8391 41676
40282 26413 5243
-87877 48981 39655
-21704 37742 45453
91323 52450 10863
98563 -68404 43553
-25227 -65291 36279
66834 75539 40188
-76131 99238 7493
64839 7731 25287
-11494 -68837 48541
-3429 -39062 35084
-58266 6892 31537
64394 -5051 10216
-67118 -16633 8401
-38914 -75947 884
-44553 26375 43039
-27994 -7868 18116
76239 7063 39023
79072 -65240 3300
9774 -88437 30909
45436 -34053 20326
2688 70002 19000
52327 45315 23325
-7046 -8571 30230
9270 74311 23611
52653 -75376 36702
-37013 -70263 29275
35017 67472 12628
80768 -66729 35568
-88518 -13938 417
-52029 47567 31033
31019 19521 48321
-63439 -63536 5288
56428 -44454 14852
77642 56245 24441
-42203 -73012 30518
-96400 -91181 8391
-82762 91347 10171
64926 71127 24074
-92642 52919 21446
-36195 47214 10270
-98080 -17919 14664
-74548 -30813 45150
-82806 -24311 43061
-61219 31660 8966
28069 33632 12223
-79237 22247 30744
-8198 -82548 7596
51215 57294 7936
32573 -90491 519
30573 -43220 31442
50441 27280 34957
9631 65868 11625
45975 33936 30833
-39076 -53657 16250
-42815 -450 40256
-96480 -63800 2554
-34789 -5537 27541
-94846 -62984 12344
-95355 5144 15475
-69885 33535 24247
-1043 -16106 46003
-71811 -90386 37585
-26749 -51505 10976
87767 82309 3656
44840 -82698 25672
92248 98268 14722
95292 29986 35847
35971 -80489 38623
-33061 40996 44795
74623 21407 20107
91342 -34369 35652
66676 21831 48416
-85352 -30125 39134
-59841 79940 25443
-11827 17225 30743
-83089 -66268 25604
57288 -33777 34838
94500 99373 19515
56757 -76202 11324
43690 -9092 22655
-62125 -93160 23554
1470 37482 6893
18314 -6008 6041
48401 60021 19300
-2135 20618 48016
97942 -98495 3960
-48327 -14962 41852
76091 22080 45017
-473 50024 8152
-2368 -20136 4742
60446 59623 475
89404 -99432 19968
67359 54547 12200
23928 -10605 35245
40917 -40529 31063
-71813 -30991 41329
-85175 -40166 31604
-972 38701 47141
-26716 -54980 13627
65402 -31015 32628
-83693 37440 32967
-98927 -26456 49656
79805 60641 3646
40635 -54065 33201
-54837 41889 41289
28335 28036 12908
-58270 -56582 29742
76533 -39415 25096
-61956 -9404 49860
44091 50572 22127
34112 -70280 15743
27213 -7254 10732
46499 85846 24414
-50367 26030 4662
-7698 -42500 42226
-41097 -96029 21812
-56135 81999 43187
97881 51583 16047
-80188 -32754 288
-28421 -13994 2913
-70117 45875 13140
-97077 -91533 1631
49022 -26276 11792
-38563 72418 43671
-94293 -65659 22877
91670 -65791 8278
-98044 83151 17518
-50397 47353 8237
-54912 79518 43752
60166 68871 28228
59804 76143 9397
55326 21739 39326
-25364 -12755 9964
98816 -93629 4957
-47197 -85417 46315
-27093 -27102 30656
-91980 -97010 46200
-26125 -19069 38508
-53049 -49809 26287
29060 -54772 13824
-12188 11810 3926
12224 -66069 44852
-72478 45173 30284
-98694 -70927 41366
-20573 -61552 38079
4963 -53082 42818
90296 -59909 4980
99188 -59269 19651
96286 -32344 39270
80956 36381 42724
-25176 -96467 19520
89400 93189 1731
16200 -93192 9523
52429 57739 36111
7647 74901 39794
-39058 -50211 45845
-76337 -57708 17744
-57176 22540 34262
-24790 -23804 3487
41819 43531 43950
-12987 -71033 34085
49786 -90504 15501
-27327 -19935 22055
-93780 13011 21436
-82301 -63087 35565
61960 12120 43473
7843 -61480 19817
35311 60948 18105
95549 64012 29416
59149 -9457 19983
-49348 -43933 44916
70309 -24579 4580
-57435 -39612 5333
52944 2942 2508
52569 -72776 32307
38151 -16112 25762
-3124 -93275 14195
-8279 5903 17989
-82541 78734 12263
-63450 -77474 34735
-174 71815 7225
-95388 54129 25829
-37836 -59203 37877
-34726 91517 15045
-29616 89346 35135
-74692 42292 38587
56151 -72588 23945
34942 -90702 32393
34901 34171 3574
53335 -45034 39818
24526 53861 20412
-94232 37261 32283
-25836 22450 4097
-69393 64719 25108
77047 -98289 41332
-33404 78155 49102
-53933 -61843 14769
-92156 -54053 37394
37129 -58105 4467
17428 -5659 49337
-10027 -19763 21082
35371 -8525 41177
53847 65455 40962
-51974 -38316 48992
-12440 -26753 6637
-24563 -14786 17317
-8369 13778 5022
54532 77130 48437
46160 1922 35337
52224 -40382 29525
23659 239 41457
-34825 37946 24296
76750 76252 43962
53041 87091 41286
-25354 -76268 42408
-58902 -93883 37238
42632 92823 41642
72704 -23296 18489
76057 35350 28332
30101 90408 11095
51627 -56713 1015
91286 -57409 45682
52916 -92001 1166
-60724 -4328 27111
-84397 53189 9870
-85036 59014 47856
85772 -64184 12923
-65910 21179 36094
77663 65703 5909
38982 97433 39715
84575 -6462 32959
-69060 38200 34335
-5881 90284 29078
58072 8635 9175
59197 -1479 18366
83923 98802 35533
-73835 -47812 26282
-67891 -75143 43756
-15793 -17351 24136
-70355 51962 10026
-84981 66139 33977
40803 61770 11475
-31503 76678 7419
-85956 76349 22785
68373 92585 27740
-59720 -23660 4596
64497 -6642 24757
-41602 -81923 47862
97479 -61940 36935
-65259 -69981 13801
36897 32801 49000
-91203 21673 30024
-79548 -1288 32730
-90326 15596 44003
-75609 53093 48760
81034 -66105 17579
90997 34236 44886
-19031 18539 49955
-60537 -85507 30545
94385 -17206 24327
74548 -4480 46216
-41355 -93312 229
-33529 53915 44862
58135 -82410 4187
42137 -57708 15838
-16834 6761 5595
-8559 -55412 41385
4161 51272 28848
-91434 -46170 36440
46699 7493 4553
39376 -68536 13650
-94480 -62909 7544
-27542 -30865 15110
-52422 -24342 47524
33493 -59689 37168
92621 -91555 47476
719 -70931 15796
-91506 -78079 43282
8462 40391 25011
-13703 -59596 2314
-16271 16961 34134
41241 -74804 4150
-2753 -68823 37067
82900 -28531 36701
-23956 -92390 36618
-97012 -12342 12706
-67423 -44731 32386
57183 62725 20978
-22093 -77469 20428
-8699 -75862 35075
36752 -48115 23230
-42142 -60706 38945
-25747 -30796 22244
38393 71057 30641
70359 -64723 2300
71174 52929 40325
58328 -83328 14901
96097 64321 41510
87688 -39167 49558
69118 -77161 21304
-89425 84478 944
12601 67773 34585
71388 -93903 42265
89286 -12364 47107
-47554 37164 21175
53556 -29730 30816
32096 48144 48405
-94356 -59611 12949
61631 91532 8128
-87617 52241 26738
3595 48606 35798
-84332 16535 10488
-11520 30784 40198
-18342 15683 48771
2199 54564 10417
29298 81552 19513
-23758 -27931 31354
13183 9104 18353
-95768 14333 38580
1712 23822 34975
18434 28570 25658
-55671 -44430 38003
14573 21519 31868
35279 81140 3386
-23153 -85356 28045
10238 -5628 6727
-2448 -65666 5671
49521 46918 31910
6080 -59638 18150
-97396 92493 27345
82258 -89858 30041
64909 47146 11830
65636 -6290 45836
-42369 -50159 39413
-35683 85729 13148
15650 33916 30379
84372 -54725 36891
93013 49570 11163
-11389 -84212 32268
85361 -38854 9726
-20325 70042 48771
-93023 -42281 17386
21992 86741 37762
-86235 -9734 16296
23715 -16409 17969
-12986 28368 4844
-8380 63259 23076
-67835 42441 15689
-74895 60094 4363
-81816 -85082 25436
-29134 -17620 33384
69834 98996 38139
-29651 44676 38230
-75063 85632 1557
-68618 99487 45575
-50619 69321 30689
78818 39905 6344
30244 32000 13746
-77948 -32274 42048
-48240 87239 48740
37414 43519 28244
25541 -42466 6446
-2924 27210 18608
-57908 97482 7305
78293 80024 47146
-9177 -53359 32511
-75241 -85013 30795
-76076 89094 7958
-29652 67486 13285
-46373 94594 32519
-55478 -52017 18812
-50855 30802 14270
-81530 -34044 47984
-93258 5887 20394
18179 39866 37295
-54223 -11827 7737
-13929 5584 32509
-49332 12163 1175
-18002 -16154 8978
-79562 39481 30969
55719 -26430 26957
54859 47378 5705
-16809 36983 9415
98476 -61292 10255
-10494 96020 15678
12129 -78980 21327
-1276 -80205 8426
35999 -62050 48455
-31835 -25041 16807
-26947 12585 20042
-45416 15402 18914
22675 -66179 45202
60523 -9016 29580
-83241 -49982 12752
264 47810 35353
45506 13773 47274
-856 27042 15116
-49861 -27225 14691
-24416 60234 25603
14481 63636 45656
47999 -80795 49943
-95326 -3224 38127
-65808 -65076 27006
11117 -14260 31816
-21732 -62820 34871
-2191 35747 11017
-3448 -8369 40155
34571 -14033 578
-6511 -62453 12318
-9624 -6453 36258
29188 86896 37101
82416 -96639 18869
-52376 82771 39704
-54867 67586 41808
91167 -14196 18244
40925 -35851 30746
5417 -74754 30300
96155 -64758 14947
51270 84297 1379
55962 44596 35286
-41215 -10863 34067
-23340 -99193 12827
36544 53423 49977
87662 3257 10163
90354 -61348 23542
76193 -83166 29942
-98533 -43476 2400
-95877 22837 45047
-72179 56545 19826
36628 4630 29437
-86263 -26168 13867
-88597 55022 20658
-71288 -21206 40095
-26936 57381 16538
-40175 -71736 16741
97591 87440 38619
-74735 -80679 11012
-63708 -34395 39157
-44663 71883 25795
68064 -75313 43006
-84318 -90480 21433
-87593 34499 49251
60731 -57072 26678
90598 43959 14948
49663 -60731 24966
-61610 79995 35767
73740 12958 19088
29569 -33089 48621
2788 -45297 44456
-96228 66134 49618
78894 33830 38651
79585 -66198 9922
-96239 -46671 20054
94748 9723 12170
-64823 50407 20204
40192 69381 30858
90466 11612 48193
84390 -23199 11800
-84276 47135 17502
-18634 -42789 47463
19203 -84429 49774
-69290 -29699 19058
15063 28083 2231
15944 76954 34019
-24239 44411 7836
-78669 -46577 37686
-5425 4545 7555
89226 30958 30096
-53760 15514 37883
-97158 -43698 6914
17209 -31367 29765
-90128 14390 18776
-45510 -18179 26809
-23392 24902 36964
69003 50711 33463
30441 91663 26655
-56916 -11650 19364
-44259 -98494 47664
-93899 -44913 28559
-37354 27862 43149
-94126 -41936 30321
39389 -66161 6734
77195 23162 39081
18868 50707 19836
10972 68474 21301
1184 -51707 7009
-98940 7242 48318
17466 68743 34220
49114 93684 45775
50895 18237 6204
-6490 88160 13266
-74379 90278 16986
-44820 77752 33177
-40652 -35691 46909
-56980 19349 45378
55606 98540 25606
17869 70829 48933
-39956 -90940 14690
-25989 -34615 8387
-19724 -38842 30060
-62187 35003 26829
45268 404 17661
36822 -23668 45553
28750 76727 10869
1950 -77148 48669
55109 17608 32678
60957 26897 140
69789 10970 22181
64188 -92164 29233
4015 -26004 44936
-59608 67701 40150
22916 -29060 12130
-514 83629 17983
-41974 31097 30163
85265 50747 5143
41398 11034 33527
-81568 -99529 19206
-34012 -74691 7936
76756 -10190 46499
28626 30896 44377
-15951 -63201 36324
66351 -99957 12002
-49920 23742 37970
71405 50853 22366
64748 10910 16803
62864 -61123 6482
-64433 2142 16634
87706 59457 17151
-28895 31899 13881
60116 -71384 2755
-91501 -77503 6487
-42404 -86216 47691
86884 -77026 22069
-31362 -50514 14920
-44897 -56935 8643
-73250 52328 17160
-40370 -27353 7952
52589 9000 9274
27474 66574 15875
57544 74316 19602
-29643 87234 3853
-83412 52726 10281
94271 73066 39367
37149 -876 46683
18022 -57581 32191
3830 67565 38436
98123 -51507 38875
11411 -49050 27277
-87036 2165 32127
-27877 -25084 120
-33098 -64849 1208
39583 70948 46307
-14677 64838 45769
-66529 -9737 31176
-3128 82519 15008
86372 32563 16670
29155 14391 25794
39532 26220 8418
-88686 -56322 40681
63590 -36520 33627
94683 67685 15595
73263 1535 13574
87759 66618 46594
77504 -35281 41792
-25283 18235 25216
-30262 68260 1031
85000 45528 38217
57306 -46870 22759
77598 63012 17849
-72190 20042 15438
76275 -760 39675
-32254 -24320 43327
63958 50819 23684
63572 -84898 45406
-48903 16704 10547
77680 53498 16263
-29492 -80214 1937
-86039 23591 15365
-9391 77908 44800
8839 97341 23895
-929 -2726 37386
54926 -24283 4704
80951 -44983 226
73158 -33172 6470
97179 50780 43191
31462 -90526 16445
-16088 -6011 41383
-99333 -33188 37749
-40347 56238 26268
-23768 -97628 32089
89616 -69037 43504
92647 -30416 9609
-6164 -36190 945
-4711 -41376 35884
-20463 -3935 7473
-40084 95529 203
29327 14326 1690
75185 95499 37835
-63078 -92485 2905
71010 -74528 8196
42930 -8180 47812
86459 -14807 42990
-32310 3610 23583
-57490 -71884 31760
48398 -86911 47113
-17856 -7206 38323
-99775 37927 32811
-10607 94929 17937
-21085 -11115 47849
-97441 -7437 6618
90622 -59818 38604
53626 -28234 25576
-46206 36908 33616
-67169 80022 34290
-37653 -69564 7989
32691 99759 25781
-2417 96873 13221
84655 33524 13362
67699 -78837 20818
38438 39815 9692
17662 -47654 18168
-32984 43807 48947
-48672 12186 41208
57434 98662 7118
-12557 -74702 6613
-75008 -75059 17733
-48622 -27442 44464
-1159 -19212 24267
-50277 49946 17683
89172 -21770 47500
-82409 95119 12127
46621 14201 30116
76709 14907 3029
80336 85687 14199
56252 -1800 30144
-77438 -69541 15401
70157 -33446 10971
86957 -39399 7107
-79830 37316 33179
41826 92353 37509
42822 10692 15827
-22351 -61682 46724
-16796 -96556 9849
-59431 -48299 11994
52120 61201 44777
73603 59730 26502
-77159 83809 30637
-45052 -48078 14714
-87958 35618 16767
72520 -79839 9217
-37166 -88542 39157
73582 28098 11062
92664 -72582 27325
6257 -98860 18654
-13413 -95097 8141
-4983 -35360 23092
-97793 91792 39752
59591 -87344 27296
-85143 63078 15563
57389 87645 14856
9735 -80530 16110
81899 52499 18341
-4067 -84117 13857
-28077 -31491 1556
65247 57229 29501
-1145 -13712 10080
-62837 14744 22941
-47807 37548 13497
96685 -81992 31201
8117 -22286 49267
78067 7175 7919
-83107 28497 27238
-253 45575 37977
-85803 55382 49622
-36710 -23370 8585
58627 -89462 43608
2630 -60835 38836
-98259 31520 41408
-78449 78682 42134
-18784 -34882 44419
-25089 84602 28904
-38286 15442 43138
44691 39028 40513
-5424 -95653 9558
-96091 51386 28285
-94295 -8812 11086
61583 10594 35774
-98451 54364 20522
13735 -50963 39278
79487 26523 39685
56449 3918 4305
50152 -20018 36235
55480 86843 24774
-66135 1785 2607
-86237 57816 22203
-19776 -49681 18163
77404 -11518 19729
90571 51109 28315
90288 -29770 18256
-238 -10675 954
-5999 -61940 24857
18990 26394 1341
-31196 47965 10317
82749 -14217 49833
-20918 -58273 27717
-99277 14143 35001
1454 89597 37220
-31802 88682 31385
41002 33675 20546
-21286 98311 9686
55600 87955 31835
30173 73365 43532
20243 -69796 41042
22259 -80097 21183
-3265 -39708 46719
56285 33962 20520
97635 11400 8117
7105 44990 11005
-37517 -72980 41865
-1097 -28555 25260
-30842 -80843 36218
36030 -34933 48160
4295 28069 2051
88169 81073 39386
476 -15455 31767
-62141 83130 20541
-80873 -31518 12131
-64821 93499 25241
77804 -65583 23910
21469 51315 5510
56511 -66968 21030
11486 60483 1498
66811 30159 16492
3713 84619 37878
13534 95326 35436
-62222 -50554 24606
46511 -50979 1051
72122 7608 22883
53399 -37935 27975
-11704 -135 30623
-25900 -63966 31848
93067 -81374 10964
-87907 91081 27767
-67875 57131 48918
-47452 -39004 40478
75950 -27369 26644
-55007 53393 18692
-48359 -90996 20031
-43179 -52010 18479
22769 30848 35420
51720 -79553 26302
38717 79810 38107
-92903 89914 26132
46975 93192 2373
85719 91249 174
2195 89054 1210
-66604 -51224 31776
-14587 -74077 25577
81209 -96398 18942
-11378 94997 44252
-31782 -78937 39792
96011 -36222 49324
-63040 -83885 39660
-49539 -20796 48088
50962 -16435 35244
-8723 50790 21555
39494 -8980 41353
64367 82916 42918
-64837 -11981 6844
-38762 13496 17518
-44595 93132 15156
18276 -9743 19809
93690 16092 20139
-43104 51627 46322
-31294 45379 8713
-92490 89399 24582
38354 -18179 165
-65000 -95168 47812
52508 -77040 41577
-65736 -85604 40714
72576 -10193 22426
-89968 -53464 34113
69755 54742 1952
13779 34995 22969
93397 -33755 25773
78742 17333 20739
-11926 -79073 20004
62012 47518 3704
74651 -88004 28758
83433 72228 33636
-60741 -43578 25232
-22977 -61091 7089
-10455 -76462 24429
2303 -26301 4619
62661 -88000 30050
2570 -92244 26212
-40591 -30081 32924
69360 -70505 45989
-41133 -61041 31745
-62811 -26568 13401
-66893 -10264 34279
99768 -14309 49866
50960 -32730 33975
-1892 -38121 16161
23042 -20156 49347
5892 70293 30018
-88035 -35114 22905
-14995 -52147 48936
-64914 35127 43390
42423 13842 30936
-43813 -18851 1538
-39653 96888 4937
69268 -25095 18014
65184 -78817 10608
-71457 93587 1291
18766 20644 12551
20826 66987 38794
24678 12575 43946
65307 -29965 10455
59327 7167 17897
81236 59495 32727
-56904 -44153 28214
-2707 20694 34898
-96495 -12726 12171
90927 -46281 22073
-1557 -72170 40032
-80184 78179 34425
29609 -84260 33229
-5995 2053 36658
76570 28386 8137
12866 -86737 446
26872 94881 258
44684 59658 7873
59631 84495 6387
11900 -14465 4114
-24008 52610 47179
-62252 67057 4790
-77794 -82535 2226
32257 -18353 47214
33380 -71548 96
-20515 80237 40179
-70339 -90219 30849
35804 56079 34200
-31372 98325 40171
73807 24481 6582
-53741 67623 22882
92596 99188 35961
-2301 76507 35336
12656 -91707 21582
48896 37136 32398
-81623 31755 9113
10587 13830 4643
-78133 -89088 21684
-75533 -29549 28984
27290 20373 23423
69789 -92572 39547
-55885 -52867 29700
-27291 -1970 13408
-84957 -81338 3435
59469 16648 489
65345 41767 382
-6738 37137 15637
47054 78650 24585
2344 -34396 44396
83131 32336 44689
-80637 -14546 14862
9163 17223 36157
-34074 70662 342
-47920 88774 4993
47059 -87708 29846
-21893 -35803 36224
47106 -59810 44815
29742 26137 34609
-58758 -46720 28733
96698 53127 34262
-52547 25620 22856
-51904 -4395 11189
2545 41207 39529
-22418 -2768 39
68411 -63408 38444
-89569 85148 17634
74995 14963 7731
10781 -35750 38810
-26599 -27443 32334
-18073 69949 28962
51058 46328 19815
81874 90552 39242
15148 66294 47021
3256 -24480 17653
-77547 -63568 21269
-68640 -10401 18621
99673 -94876 10471
-63149 19268 8070
-44744 76610 29926
-30180 5544 18101
-16710 95945 29729
356 -60876 40640
-35081 98008 9380
-84694 39692 7313
98694 38146 47173
-22437 -81823 42449
-31316 79856 34806
76002 -90708 9799
6227 62966 24705
84416 76617 35282
33732 -18152 16922
-43514 -52281 5727
58306 -97964 20794
-60605 -99804 40537
-41565 72837 10868
51478 -762 9121
11021 44833 4337
81251 22703 5707
89718 -26 27581
65845 -69776 41002
-32515 -69410 35734
73690 -24047 26528
39597 45985 8917
78645 3159 48226
62558 -60185 27065
-27159 -26089 32453
-12579 -73221 48447
-47034 -28471 41566
-99075 -81154 21232
-3518 -77870 45948
-45580 -21709 36424
34935 -78966 49222
88351 -19888 13014
-68420 63896 45848
-40901 88083 49074
-30449 23894 47966
-49521 -43964 3172
64279 -6816 3414
45379 -51695 13115
75330 9513 33564
325 12394 46469
-2265 77550 49460
76398 -7233 37771
78262 69032 25477
87284 -37785 43206
85354 -25712 33617
1302 34745 16796
-20533 -72482 32570
70283 -80490 7412
-91776 -9993 24634
15135 -73914 14740
50223 42186 22120
21641 -71071 36512
31532 21947 17387
-53347 -55266 5502
-97943 23498 45232
-41980 36198 47260
-34701 -87830 48701
34022 -13431 15553
61064 62718 11010
87302 27859 44899
87373 -3642 23011
-35233 -24851 41446
41649 -37530 21384
-7908 17441 15725
39326 25963 26168
57640 8811 4155
-54226 4798 23744
-83280 -90903 12036
62057 96547 21955
64103 -16703 43083
53727 61047 22518
64890 21787 42250
33613 -42172 43589
16567 60409 8157
-61725 54568 13279
-59675 38186 22199
84862 -82144 13351
-65594 74448 44411
91117 -28579 31115
69975 12590 43477
52199 -37810 18458
46774 43254 25404
-74448 -50062 44753
37885 88096 44848
-16573 15835 31523
60275 814 24705
50339 -78101 3308
-79978 -62637 30232
-81842 65229 4812
-3354 59835 18676
-65949 85591 46427
-47621 -60357 6910
40947 -87635 34421
-89061 -62822 42697
10705 -92535 37542
42331 60723 49527
52530 -66563 18271
79365 -8527 7382
-9891 39136 46803
-27000 -64901 2826
-2176 77610 42709
-83735 89380 5791
-23934 -65562 29414
-71975 41419 35158
-52088 47278 39352
12760 54328 274
-82698 82387 29594
55368 82564 25941
-72482 33987 20558
84710 -88537 6326
-44607 3084 28024
92284 25070 10565
-55138 50173 15128
53622 23491 22790
-90876 23248 34
13932 15175 18635
56792 91778 45201
-31958 -70025 10281
36565 11991 5478
12444 -48403 14029
32454 -85458 38840
-12459 -54721 20574
-19710 -15518 9565
-14333 -64389 37061
84544 -65530 46025
-38922 -27944 43117
35063 -58184 8769
10912 -4597 34110
56768 -95010 4960
-24247 61304 5296
52310 12679 12555
67978 56823 24493
-66635 46429 43234
62393 -65509 26772
-9177 27139 15079
-67087 57478 48438
-66264 -68192 27723
53468 -91461 41097
73143 -67405 21366
32661 -44729 17985
62700 -84406 26360
30144 35186 39479
-752 62190 30741
-28909 -30791 27778
-51847 -57819 18762
64923 80991 26906
41333 -3801 12632
-13350 38903 48408
1200 86974 45388
-4047 -68708 45246
48070 -78027 37851
83636 67454 17970
95753 -12836 47697
96944 1640 18641
-16195 -22651 41002
16169 55606 35993
-34570 8195 37384
39211 -87949 19550
-63535 85210 27014
92349 -37863 32071
78177 59987 22022
-74220 41041 3929
14898 -49977 43385
-94605 60533 24344
-32377 -39743 4112
610 40472 2308
-88127 77084 42034
38364 -69826 36555
-72852 57367 1261
93966 49138 29489
-49809 55892 38103
71844 -64484 18613
-49392 70807 18540
37715 -68160 48478
73407 58998 30937
-62147 62619 32201
-35115 73247 43546
81701 37411 36837
-9125 -39223 39255
-60492 -95087 45503
-55612 -89113 33325
73360 20705 46115
-69727 15645 1392
-16260 27940 12433
10523 38338 25954
77097 -36488 39805
-23640 7914 12435
-8118 69901 41258
-94271 70359 39250
-93384 60215 12000
30903 98489 14374
58391 -12169 28320
-26862 -84673 45939
96111 -75871 41411
-30955 33096 11031
16793 65650 17882
-37494 51799 4716
59579 75010 40617
77125 -96653 8196
25813 -97461 36056
-10246 9355 32073
67485 57166 10617
-76774 -33680 20311
-78874 19375 24852
93600 63387 32075
-6503 85670 47188
85134 35316 30237
-192 -2182 10559
-15581 -3239 28570
-34154 54958 23502
-85348 334 48091
31184 -68561 11487
-52324 -69684 43768
37354 90054 45351
-45374 51281 26593
-44661 -66702 18147
90574 -97103 36656
32604 29247 30018
11421 -62551 26708
13863 53898 9037
-21866 14033 42894
-38677 -18214 38316
-88855 -79813 26902
-32124 -6250 7740
90564 -22254 11984
-5505 48711 38681
-59773 -47979 32177
-62971 8230 28160
40432 23423 13288
59081 86646 20808
-23093 -59663 20249
-10038 73672 22892
-24901 -3221 7814
-38339 6858 25374
23168 -92611 31803
-665 96475 21310
-22825 25463 7436
61467 44338 29695
77085 77210 13481
-70157 -62937 21468
78922 -73554 9608
-9269 78168 5162
59196 89982 22199
54443 -47712 40929
-86916 20191 5275
56714 78835 26493
77426 -4466 12640
76768 -82100 23225
74270 -50353 32489
46153 5479 43934
28102 71448 8288
-35693 -86740 31307
-63729 -9642 40368
70860 22517 23994
58860 -11311 1551
34884 6951 34118
-76570 839 33006
-80393 56444 45380
50989 -76153 42676
-72368 18848 8694
-97846 78176 36885
-3622 -27537 20070
-23804 -6457 34715
-95574 -40829 17009
-94027 9732 20261
64733 -26905 7376
59367 -99621 25045
9278 80122 10634
44358 55146 20657
-2111 60994 19432
55242 -84792 31840
52086 -25173 18912
84886 98756 46925
-7756 -7659 27566
-58868 97682 20465
99756 71099 2707
-73309 77414 9681
-69123 -92863 23721
36228 25591 32725
-79787 -38589 10585
-61111 -96152 45359
-72766 -82712 22104
-86656 24689 29652
-10588 43984 3918
-5112 80592 48179
58634 75 45239
93788 71005 9770
98814 17420 41349
-85201 -47549 16239
-62340 6107 2332
52270 -87198 41099
-14637 7242 2472
-78807 73092 42475
-88969 41223 16091
80153 -31947 42793
46051 -31017 43606
-76759 -32406 13935
76057 63730 3378
-4760 28511 16962
-92792 -14340 20510
75829 -36030 7073
-73114 -11070 31163
-27804 -70390 4616
3668 42704 3000
5767 88824 10169
7469 96618 44604
14868 -57431 46343
68077 -41395 11892
-92256 -70605 37476
-55089 -78353 16585
-65117 -16237 1225
-81129 -33541 31513
68956 24230 23552
-58400 19212 46426
-22101 -30942 45148
-51960 -37763 5080
18612 -17956 17593
-54297 -92186 16727
-15681 -66890 44768
25916 74359 18528
87518 -76853 34502
-97455 2033 4077
-70752 -69574 199
9611 -11115 6264
-49368 -25776 48221
-11449 65237 24366
59591 -53395 3975
50623 99472 21780
-71320 52778 46226
35068 95692 2447
16763 70201 8578
60 64230 40625
-389 -56072 13711
-71716 31626 31829
81242 -50456 44157
44037 -27953 34979
27457 86127 2775
-44605 -62886 900
46051 3678 31613
70117 14321 22332
20508 85998 24547
-18736 31896 21928
89165 72275 46603
15736 -77552 15260
-24936 16691 28340
-76661 95096 44722
28924 48210 12534
-58360 -24914 43770
32985 88534 12886
-56143 28256 1466
1267 74661 36682
97194 11607 40606
16981 -58611 44707
38161 -23062 18206
-87389 -73231 24037
44864 -47248 23429
1629 -5141 49840
68221 -78547 42495
3247 47358 16355
81998 84631 41211
61080 75357 27502
95819 3166 230
-70354 -50291 10267
2718 -83721 37765
-17388 26179 47020
-24031 -21138 17442
-72215 57946 41962
-91330 41389 5247
80294 32824 6672
-52302 94098 41267
39284 -3566 12162
41875 4560 19507
-55611 90509 9173
38329 40536 11004
-3604 -87881 15215
58095 71115 31777
-82176 55062 33921
52438 -72517 42397
-46901 -76224 20910
-71543 84466 28931
-17491 57280 12737
63425 31250 13922
75378 -31646 450
-53174 43838 28306
-61063 33880 17776
34554 17607 37173
11411 -22909 37173
5339 29255 43987
65305 12246 338
-5967 29409 32760
33503 55113 19669
94761 7910 6673
-86398 24372 13961
38779 23622 17271
-16278 57596 7767
58121 -85099 26422
-28199 -46937 34805
-83688 -93024 1037
69206 -31030 7142
-63738 78674 48154
-68194 -8344 39843
-32618 -19376 6357
67281 -12851 10355
51911 87613 41843
3816 -5638 19617
-83930 -22275 46704
-23812 -94965 39376
-94217 -55913 12677
51448 -72321 18622
-80971 2160 3433
10507 92107 15127
-25296 45645 18874
-35 59812 40801
49683 77085 32426
-31834 -74937 21772
87224 46836 10737
-5221 -59383 9693
44921 -70614 43748
-94041 -6998 32816
-67327 20095 47247
-57680 -43352 6258
-83244 45688 23840
18386 45905 39120
61105 48957 25246
54273 16886 15100
76497 49218 1441
-90948 18724 36955
43378 66714 30345
91168 52944 1818
-44136 25327 48941
91025 -78379 13166
-48507 84540 45947
51237 -39220 15640
64584 -11119 9174
-11235 67390 21514
-91020 1777 33495
39392 -75414 37470
46632 -49800 20940
-22556 -7557 12511
-20410 -89603 6569
-32895 20821 852
64813 74676 38896
-73243 18292 35270
-71273 -48234 29625
-48980 73234 43625
55545 -84742 38407
-21462 -32594 6083
-23556 -86971 34606
-52117 -30824 34704
-76048 737 39380
8230 49571 26357
-27119 -49984 43084
-97452 70487 47846
78673 -22350 38694
-15893 25277 33986
12002 -81260 13971
-71341 20136 29479
56652 -2872 44371
-30003 -64496 30224
-78649 87962 33477
-69479 38613 21106
-22286 -1042 19093
-58771 -57385 30087
-33121 81765 27705
-9411 -45251 12090
-37590 96664 33476
-83271 34552 1780
-1202 33448 43813
25743 55471 46196
-45911 38955 31966
-7112 -85018 29297
5798 -12598 12175
95391 -22184 42803
7570 65087 1317
11719 -56249 2023
-20395 -78880 665
65852 -1492 32411
-52145 -47476 2295
61440 1832 4036
-82891 54062 35306
-77177 34730 19684
66923 -27247 41752
89827 31176 18529
-29050 41310 41568
46292 -15128 28131
45717 94081 3721
63277 -16356 21231
14868 11102 42040
-59138 -62363 41672
76502 13554 12758
98116 -39849 24730
-40422 -73056 32668
-35548 -2490 3523
-78992 53385 28404
-67604 69599 38112
61484 40798 27127
-90246 -78030 10378
1645 -29595 7211
-16027 88376 2264
34286 -32898 20050
64957 -58514 46000
-453 -63557 7942
22344 -77064 17773
-8263 -21935 183
-37083 -98633 30846
5451 -50374 39060
-43166 -20239 31283
44329 7291 46092
-5332 -89224 11583
10510 13047 39825
87549 55454 20377
-11975 10654 41072
6547 59622 25808
44162 54482 33798
-2030 -55533 33722
-65003 88765 43137
-72116 79157 1850
-99725 69030 16990
-72403 -34756 45911
51663 -86386 41768
93944 -92796 21646
-68713 20803 31703
95335 -13811 252
79060 -39831 6733
-54642 98528 11245
-30993 -35856 18719
26373 3883 38707
21444 -78451 9098
30173 36705 24227
-94093 47913 14637
-30655 -42118 49058
89675 64178 37381
-2680 59958 30610
-99318 -65442 27792
80012 -85873 11641
-36794 56215 35319
-25986 88117 32001
53594 98199 25128
-1885 -22535 33629
80807 -41477 28465
-17197 -61428 17115
-39167 -48885 15269
-72284 -53717 23583
-42930 57129 43112
-88576 -28276 45569
11897 -56848 47853
-60121 80811 37773
38643 -63350 4006
69142 -68375 17455
-95626 82005 17045
-78673 37611 12091
